,Query,Expected Intent,Predicted Intent,AddToPlaylist,BookRestaurant,GetWeather,PlayMusic,RateBook,SearchCreativeWork,SearchScreeningEvent
0,add the artist Pete Murray to my relaxing playlist,AddToPlaylist,AddToPlaylist,0.9425786018843105,0.0032753947232834067,0.0046683521479948305,0.006729546843035849,0.006681964593020516,0.025700786862738214,0.010365352945616586
1,Add the artist mike to the Sexy as Folk playlist.,AddToPlaylist,AddToPlaylist,0.802916139553492,0.006189700870834004,0.007413072600909892,0.010393557418790922,0.02195837047668002,0.11692278198024142,0.03420637709905181
2,I'd like to have this track onto my Classical Relaxations playlist.,AddToPlaylist,AddToPlaylist,0.799710683064382,0.014600472434333033,0.020015164917885138,0.016806358904149606,0.024998042193294327,0.10739846441243019,0.0164708140735256
3,Put Vandemataram Srinivas's track onto HipHop Hot 50.,AddToPlaylist,AddToPlaylist,0.23692085362476029,0.052652050798400706,0.21005384942538594,0.14284223998319678,0.183920707374728,0.10820789762009371,0.06540240117343468
4,add abacab to beryl's party on fridays playlist,AddToPlaylist,AddToPlaylist,0.8222094141072449,0.013611010927077902,0.031075052427183843,0.037057065540118256,0.013171740703575716,0.06405006343693927,0.0188256528578601
5,Add this artist to Showstopper Being Mary Jane,AddToPlaylist,AddToPlaylist,0.7127899553317887,0.017721070783170808,0.0617119905379851,0.04278325749165779,0.040883913325252305,0.08614858380501632,0.03796122872512887
6,A Very Cellular Song needs to be added to my masters of metal playlist,AddToPlaylist,AddToPlaylist,0.9361863804639952,0.013634085048486701,0.005760223259189424,0.005869548545444387,0.00589932718425781,0.02925350669408131,0.0033969288045450656
7,I'd like for Kasey Chambers's tune to be an addition to my Chips and Salsa playlist.,AddToPlaylist,AddToPlaylist,0.6989332205224038,0.04760956212977997,0.02549856747373271,0.006602849870765034,0.009143441552962029,0.19288379964907595,0.019328558801280482
8,Add a derek watkins tune to This Is Johnny Cash,AddToPlaylist,AddToPlaylist,0.5740450794571638,0.07052324351627183,0.12691280129655652,0.04356118298691528,0.037351266655604905,0.10618582154826514,0.04142060453922262
9,Can you add Larry Heard to my laundry playlist?,AddToPlaylist,AddToPlaylist,0.923778025902657,0.0063856130780761055,0.007899395400372109,0.014383937169081307,0.00576199982992349,0.029986700127256086,0.011804328492633995
10,Add a song to Indie Hipster,AddToPlaylist,AddToPlaylist,0.6285204765695045,0.08270547193511682,0.0394623195226224,0.056088686967091246,0.03169638112369306,0.12654929724033145,0.03497736664164055
11,I need to add baro ferret to the Urban Hits under my name,AddToPlaylist,AddToPlaylist,0.6076499935351093,0.02072284981069042,0.010466083281786501,0.014413672018211265,0.02985645517060345,0.2846883022056449,0.03220264397795412
12,Add the artist to the political punks playlist.,AddToPlaylist,AddToPlaylist,0.802916139553492,0.006189700870834004,0.007413072600909892,0.010393557418790922,0.02195837047668002,0.11692278198024142,0.03420637709905181
13,add tierney sutton to my Novedades Viernes Sudamerica playlist,AddToPlaylist,AddToPlaylist,0.9359010496405736,0.004833257816915712,0.008981470792917246,0.012412915122867187,0.00657286190923821,0.021110282485852724,0.010188162231635454
14,Add Ted Heath to the road trip playlist.,AddToPlaylist,AddToPlaylist,0.8363826038956592,0.007913523968541709,0.01196309735739528,0.01585746912392048,0.024530425195311182,0.07520410514588466,0.028148775313287636
15,Add the Matt Murphy tune to the Flow Espanol playlist.,AddToPlaylist,AddToPlaylist,0.7694862519030227,0.007093468445861846,0.00858973137932014,0.012145716901348016,0.02596687856764287,0.1365911314014402,0.04012682140136436
16,Add the chris clark tune to my women of the blues playlist.,AddToPlaylist,AddToPlaylist,0.8389503164057781,0.005067696248209049,0.0041419544599695275,0.007897153576599144,0.027430099781233775,0.09509826889454984,0.021414510633660618
17,Add Roel van Velzen to my party of the century playlist.,AddToPlaylist,AddToPlaylist,0.8684638789597376,0.007763281616956809,0.006962433663967273,0.012586024516293653,0.022627274139676756,0.06370099614287662,0.017896110960491086
18,Add the album to the Hipster Soul playlist.,AddToPlaylist,AddToPlaylist,0.7524692693210959,0.007209666051042136,0.009199606158628531,0.012873540972465312,0.02764113622939471,0.14726888915369477,0.04333789211367859
19,Add the song virales de siempre by the cary brothers to my gym playlist.,AddToPlaylist,AddToPlaylist,0.9176018367231266,0.0031719923173499863,0.003764484849268364,0.011352925943933606,0.009696768368735245,0.036155510717056076,0.01825648108053015
20,Add a track to Jazzy Dinner,AddToPlaylist,AddToPlaylist,0.5353470422807718,0.1057597429673908,0.04704348490111433,0.06827869692603901,0.03815587726347601,0.16322885579589555,0.04218629986531241
21,Add this tune to dorthy's 80's party playlist,AddToPlaylist,AddToPlaylist,0.8420443292608893,0.01286716403245856,0.055346877089790435,0.016134516805801254,0.044795106769858185,0.0205582540420782,0.008253751999123976
22,Add this album to the Spanish Beat playlist,AddToPlaylist,AddToPlaylist,0.8397314398249685,0.007166107276976046,0.01836132174795722,0.01482113878702998,0.02809339454699699,0.06696020311520033,0.024866394700870747
23,Add an artist to Jukebox Boogie Rhythm & Blues,AddToPlaylist,AddToPlaylist,0.6562791128938986,0.0258242642161913,0.04731929765662513,0.05405582132724037,0.030540687995344918,0.1364163010380735,0.0495645148726259
24,Put abe laboriel onto the Escapada playlist.,AddToPlaylist,AddToPlaylist,0.6443413697912054,0.016829350514149383,0.038062511253227065,0.05179220495554218,0.05136777252329718,0.12088273221522201,0.07672405874735684
25,Add martin barre to my punk unplugged playlist.,AddToPlaylist,AddToPlaylist,0.9356672301550246,0.005320826246107822,0.008661695241054382,0.01248875535091487,0.006609786484704194,0.02113121442087191,0.010120492101322303
26,Can you put the artist Giovanni Giacomo Gastoldi onto the Chill Out Music playlist?,AddToPlaylist,AddToPlaylist,0.5587031506762408,0.014364824011050912,0.01626573134043529,0.041002164707710155,0.08336951719407644,0.19891384789351693,0.08738076417696963
27,Add our little corner of the world music from gilmore girls to my The Funny Thing About Football Is playlist.,AddToPlaylist,AddToPlaylist,0.7059303380761979,0.008185502683742723,0.020056932109863587,0.027836222428865402,0.033877034245689705,0.15942130689523276,0.04469266356040804
28,Add a song to my playlist madden nfl 16,AddToPlaylist,AddToPlaylist,0.9289062246602943,0.020445681792933535,0.008506968654238977,0.010458279490655068,0.01499597241533385,0.012934458378472829,0.00375241460807144
29,Please add this track by Paul McGuigan to the Deep House playlist.,AddToPlaylist,AddToPlaylist,0.8562268475476611,0.005952350949075148,0.013935281092231973,0.025439465695846528,0.017942006524635828,0.055612912029178584,0.02489113616137065
30,Add the artist to my dishwashing playlist.,AddToPlaylist,AddToPlaylist,0.9425786018843105,0.0032753947232834067,0.0046683521479948305,0.006729546843035849,0.006681964593020516,0.025700786862738214,0.010365352945616586
31,Add the artist Adam Deibert to my Perfect Concentration playlist.,AddToPlaylist,AddToPlaylist,0.9425786018843105,0.0032753947232834067,0.0046683521479948305,0.006729546843035849,0.006681964593020516,0.025700786862738214,0.010365352945616586
32,add Beyond the Valley of 1984 in playlist Folk Music At The Gaslight Cafe,AddToPlaylist,AddToPlaylist,0.39370551971259593,0.1129249259267426,0.06679263277305748,0.028504305895166265,0.17255624902839425,0.06842895222460445,0.15708741443943902
33,Put Jean Philippe Goncalves onto my running to rock 170 to 190 bpm.,AddToPlaylist,AddToPlaylist,0.5502627807220178,0.04143500625537652,0.06927264477897023,0.041123351969615,0.16769194553669806,0.11452630012656596,0.01568797061075643
34,Add the 40 cal tune to the laundry playlist.,AddToPlaylist,AddToPlaylist,0.7454833072862029,0.010471724516024662,0.0130411925881265,0.013317917160246627,0.07807157026058971,0.11076221625413843,0.028852071934671215
35,Add porter wagoner to the The Sleep Machine Waterscapes playlist.,AddToPlaylist,AddToPlaylist,0.703368475404374,0.00863322625043778,0.010727118509858663,0.015125800442051685,0.032097228699823434,0.17964284137533698,0.050405309318117396
36,Add lofty fake anagram to the la mejor musica de bso playlist.,AddToPlaylist,AddToPlaylist,0.827648987118331,0.014057822597702637,0.01192658105347576,0.017551678048274368,0.018916435030093687,0.08027055107669483,0.029627945075427712
37,add we have a theme song to my House Afterwork playlist,AddToPlaylist,AddToPlaylist,0.95198221764316,0.012027337805605246,0.0049325379130205895,0.008257497919606904,0.004383356152220134,0.01289925212801807,0.0055178004383686936
38,put the artist onto Top Latin Alternative.,AddToPlaylist,AddToPlaylist,0.3672616899621089,0.030425913989713973,0.07285833751490164,0.08978362884888252,0.08461334591535287,0.22130254858500267,0.13375453518403738
39,Add kent james to the disney soundtrack.,AddToPlaylist,SearchCreativeWork,0.31939419459183077,0.017768465021898782,0.032474211480143525,0.02935940174475468,0.042193486130473315,0.4895107520618877,0.0692994889690112
40,add nuba to my Metal Party playlist,AddToPlaylist,AddToPlaylist,0.9357861461835865,0.005754402418193807,0.009099416181986711,0.012542253799254178,0.006522911709870147,0.02012594283661097,0.010168926870497908
41,Add Brazilian Flag Anthem to Top 100 Alternative Tracks on Spotify,AddToPlaylist,AddToPlaylist,0.4135962736142372,0.042495350288335,0.10243215292975416,0.12225375612735444,0.10570522283822541,0.1725995421893604,0.04091770201273343
42,Can you add last of the ghetto astronauts to the playlist called black sabbath the dio years?,AddToPlaylist,SearchCreativeWork,0.21965949528002052,0.004993276557193028,0.003455446277352924,0.0061379350760906995,0.04266084506719442,0.682357536284401,0.04073546545774744
43,Add this album to Old School Death Metal,AddToPlaylist,AddToPlaylist,0.5920688080874611,0.023514215903771292,0.08405563825870484,0.058740902167644646,0.0631421819569111,0.12522304755421312,0.053255206071294074
44,add this artist to my Electronic Bliss playlist,AddToPlaylist,AddToPlaylist,0.96746355328547,0.00233740167234128,0.006869798419321027,0.005669027333021462,0.00502805910916091,0.008235932706940013,0.00439622747374519
45,Add the album to my Perfect Concentration playlist.,AddToPlaylist,AddToPlaylist,0.90602422245509,0.005012756707582695,0.00741238476017546,0.010746065609720511,0.010717194663930254,0.0433278077920015,0.016759568011499575
46,add a song in my All Out 60s,AddToPlaylist,AddToPlaylist,0.6474283662693863,0.13131609422056525,0.09610137669800817,0.039115370556198015,0.031034736628075522,0.022462297815433727,0.03254175781233312
47,add digging now to my Young at Heart playlist,AddToPlaylist,AddToPlaylist,0.9226884234718191,0.01048635409190786,0.014184970092277696,0.009664567418743658,0.005466915490513308,0.011604938106035004,0.025903831328703282
48,add ireland in the junior eurovision song contest 2015 to my Jazzy Dinner playlist,AddToPlaylist,AddToPlaylist,0.9218517319785541,0.011816443376288843,0.022167308987995155,0.005782125518034123,0.014516741455835444,0.013983533262988465,0.009882115420304068
49,add the song to my We Everywhere playlist,AddToPlaylist,AddToPlaylist,0.9374634650839753,0.0032721296077283884,0.005077871661727599,0.0073481234105940456,0.007393415535961457,0.0278972376401954,0.01154775705981774
50,Add the album to the Might and Myth Power Metal playlist.,AddToPlaylist,AddToPlaylist,0.675492321127622,0.012354984690641894,0.011034538252115755,0.013932924977974466,0.042202323319182555,0.1997495314094747,0.045233376222988377
51,Add a song to this is racionais mc's,AddToPlaylist,AddToPlaylist,0.5819820006460951,0.06615468082825168,0.1611274375839362,0.03708512247468164,0.035519177451650764,0.08053192529420222,0.03759965572118266
52,"Add Jerry Calliste, Jr to my Te quiero playlist.",AddToPlaylist,AddToPlaylist,0.9359010496405736,0.004833257816915712,0.008981470792917246,0.012412915122867187,0.00657286190923821,0.021110282485852724,0.010188162231635454
53,Add sarah slean to my playlist Mellowed Out Gaming,AddToPlaylist,AddToPlaylist,0.9421865882222726,0.004179693983247014,0.0076815516155404155,0.010631211989969845,0.010864882816865214,0.01566108893935341,0.008794982432751126
54,Add the album to my Flow Espanol playlist.,AddToPlaylist,AddToPlaylist,0.90602422245509,0.005012756707582695,0.00741238476017546,0.010746065609720511,0.010717194663930254,0.0433278077920015,0.016759568011499575
55,add this artist to my spotlight on country 2016 playlist,AddToPlaylist,AddToPlaylist,0.9369156334074036,0.004537310019211994,0.015087937368267869,0.011692530394634403,0.0169845856115498,0.011273317726710533,0.0035086854722216733
56,Add give us rest to my 70s Smash Hits playlist.,AddToPlaylist,AddToPlaylist,0.9280574022208642,0.004752430474628655,0.009012614700972288,0.012251632644588503,0.018634987307777164,0.016607280666043778,0.010683651985125303
57,Add the track to the work playlist.,AddToPlaylist,AddToPlaylist,0.6563643108173473,0.007419039894794066,0.0091327347531842,0.013379175194223344,0.027966170642058707,0.24291929644135976,0.04281927225703266
58,For my fantastic workout can you add sara bareilles?,AddToPlaylist,AddToPlaylist,0.5564068630840467,0.06119214644083776,0.06436095011686262,0.06200258086294844,0.02416502603458817,0.10067276218925988,0.13119967127145643
59,Add emilie autumn to my Nacao Reggae playlist.,AddToPlaylist,AddToPlaylist,0.9359010496405736,0.004833257816915712,0.008981470792917246,0.012412915122867187,0.00657286190923821,0.021110282485852724,0.010188162231635454
60,add this tune to my Sleepify playlist,AddToPlaylist,AddToPlaylist,0.9606411103543144,0.0027753528655773086,0.008247478669862331,0.006863780136094794,0.006160499001490397,0.009968550879003023,0.00534322809365775
61,add track in my playlist called Hands Up,AddToPlaylist,AddToPlaylist,0.8754586542744038,0.012651837405286916,0.04239902760089716,0.015478194934809439,0.006396884510138971,0.029169207043555943,0.018446194230907806
62,Add the album to my Club Hits playlist.,AddToPlaylist,AddToPlaylist,0.90602422245509,0.005012756707582695,0.00741238476017546,0.010746065609720511,0.010717194663930254,0.0433278077920015,0.016759568011499575
63,I'd like to add jordan rudess onto the Divertido para ninos playlist.,AddToPlaylist,AddToPlaylist,0.7199335772844577,0.012267245781080226,0.008200080309189863,0.01135697724924869,0.02240619239811779,0.20050315420535228,0.025332772772553244
64,I'd like for you to add bobby brown to my enamorandose playlist.,AddToPlaylist,AddToPlaylist,0.8868875622769139,0.015059344838159027,0.003933621593660496,0.003839792743325764,0.0033894056417840507,0.07806757663417203,0.008822696271984997
65,I need to add to my Infinite Indie Folk list the works of Rahim Shah,AddToPlaylist,AddToPlaylist,0.526089978446533,0.022432068093464697,0.00798681470361918,0.013723415334286624,0.04470532592889867,0.35660901609702894,0.0284533813961688
66,add Jonathan Sprout album to my this is miranda lambert playlist,AddToPlaylist,AddToPlaylist,0.9251589353847577,0.0036970859810074442,0.028086729633444447,0.008706188979908694,0.007737235957325901,0.014358435397690302,0.012255388665865629
67,add Muzika za decu to my Crash Course playlist,AddToPlaylist,AddToPlaylist,0.9359010496405736,0.004833257816915712,0.008981470792917246,0.012412915122867187,0.00657286190923821,0.021110282485852724,0.010188162231635454
68,Add jo stafford music to the workout twerkout playlist,AddToPlaylist,AddToPlaylist,0.8637607197791439,0.006487266983879362,0.009537692810926353,0.018848250980741096,0.01476300955199986,0.06438064099231408,0.022222418900994998
69,Add Richard McNamara newest song to the Just Smile playlist,AddToPlaylist,AddToPlaylist,0.8663717485501117,0.006291500724236508,0.010235817493309995,0.017282067971018156,0.015456234935786623,0.05971222727373765,0.0246504030517992
70,Add Andy Hunter to my Evening Commute playlist.,AddToPlaylist,AddToPlaylist,0.9359010496405736,0.004833257816915712,0.008981470792917246,0.012412915122867187,0.00657286190923821,0.021110282485852724,0.010188162231635454
71,add the current track to my This Is Tchaikovsky playlist,AddToPlaylist,AddToPlaylist,0.8985994091061121,0.0036898385423939496,0.02393307005616662,0.007208606952656586,0.021963708048505313,0.025939537900851344,0.018665829393314046
72,Can I put this tune onto my sin estres playlist?,AddToPlaylist,AddToPlaylist,0.8675658259110537,0.010042185056922137,0.020107868865792973,0.01817503170004746,0.024484606046357486,0.03704910717508642,0.022575375244739692
73,Add the boy george track to the Emo Forever playlist.,AddToPlaylist,AddToPlaylist,0.7156572963220327,0.008319645482484983,0.010113824340226112,0.014536068324302213,0.03077336448687224,0.17223970962331614,0.04836009142076577
74,Add jack white to my playlist This Is Shakira,AddToPlaylist,AddToPlaylist,0.9251589353847577,0.0036970859810074442,0.028086729633444447,0.008706188979908694,0.007737235957325901,0.014358435397690302,0.012255388665865629
75,add this song by Too Poetic to my Piano Ballads playlist,AddToPlaylist,AddToPlaylist,0.9632592554540168,0.001955455642404106,0.007157079947647546,0.011587035182005373,0.004729692810468916,0.006334812798981973,0.004976668164475397
76,add Farhad Darya songs in virales de siempre,AddToPlaylist,AddToPlaylist,0.44495332547725935,0.07550008955490817,0.22281886909805215,0.07636734439955217,0.03252327834280481,0.05316191389198323,0.09467517923544003
77,add this track to my Hands Up playlist,AddToPlaylist,AddToPlaylist,0.9440776196394962,0.00348286072290107,0.010273853461138502,0.008676881858752003,0.007114475130621347,0.019616720639141858,0.006757588547949063
78,Add the track to the drum & breaks playlist.,AddToPlaylist,AddToPlaylist,0.7156572963220327,0.008319645482484983,0.010113824340226112,0.014536068324302213,0.03077336448687224,0.17223970962331614,0.04836009142076577
79,Add millie corretjer to the rhythm playlist,AddToPlaylist,AddToPlaylist,0.8044232885328855,0.009216118871051717,0.014390775428610197,0.019344355919622892,0.021794782312145832,0.09690559539935596,0.033925083536327866
80,Add Recalled to Life to This Is Alejandro Fernandez,AddToPlaylist,AddToPlaylist,0.6229919188958952,0.016797108847409033,0.10856779510691036,0.02904304790368826,0.033576490120182656,0.1404313052717994,0.04859233385411517
81,Add Michael Wittig music to Country Icon playlist,AddToPlaylist,AddToPlaylist,0.8480103383706555,0.009551462301367719,0.018255850521532255,0.0347114040732061,0.014013042849287739,0.05400643250196112,0.02145146938198934
82,add Highway Patrolman in my playlist this is al green,AddToPlaylist,AddToPlaylist,0.8129807706282868,0.010516588567054806,0.12980819256691095,0.01059833562845538,0.007759987116761492,0.00627280958613631,0.022063315906394307
83,add A Very Cellular Song to masters of metal playlist,AddToPlaylist,AddToPlaylist,0.8613619557087506,0.030948573307657944,0.00938001320807896,0.018396498140584513,0.020006736473220887,0.04950019988302675,0.010406023278680518
84,Add Toyan to my Epic Gaming playlist.,AddToPlaylist,AddToPlaylist,0.9359010496405736,0.004833257816915712,0.008981470792917246,0.012412915122867187,0.00657286190923821,0.021110282485852724,0.010188162231635454
85,can you add the current tune to my Calm before the storm playlist,AddToPlaylist,AddToPlaylist,0.8383779923325245,0.00565966048394659,0.004793843002348271,0.007902684159562643,0.022912424406963793,0.09498880583157397,0.025364589783080156
86,Add Annesley Malewana album to playlist indietronic,AddToPlaylist,AddToPlaylist,0.8648318922431868,0.009248436918385597,0.018148078083116758,0.023256026195307467,0.01391178510007237,0.04913976992280145,0.02146401153712962
87,add tommy johnson to The MetalSucks Playlist,AddToPlaylist,AddToPlaylist,0.8272519736331796,0.008303716795852657,0.012691383328422057,0.01857285019653412,0.019224323746184227,0.08246316105364958,0.03149259124617767
88,Please add The image of you to my playlist Crate Diggers Anonymous,AddToPlaylist,AddToPlaylist,0.843628202374949,0.008055468296950192,0.005613860049267805,0.013796032732981585,0.017594443482939693,0.09770123964222518,0.013610753420686393
89,"Onto jerry's Classical Moments in Movies, please add the album.",AddToPlaylist,AddToPlaylist,0.33114462168545866,0.06068707556612007,0.16375069917248475,0.04716704497213334,0.034349404341029524,0.10702739719675576,0.2558737570660181
90,Add the album to the The Sweet Suite playlist.,AddToPlaylist,AddToPlaylist,0.5600657415799442,0.007364716299886598,0.007281817756833326,0.010770610057186996,0.043046751391391753,0.30326956008706735,0.06820080282768982
91,Please add some Pete Townshend to my playlist Fiesta Hits con Lali,AddToPlaylist,AddToPlaylist,0.944807147576777,0.004145841486621495,0.005769398067805279,0.012448047626603013,0.0042136350323141985,0.021703274827172953,0.0069126553827060485
92,Add a track to playlist Cena con Amigos,AddToPlaylist,AddToPlaylist,0.858384728282651,0.03412431355710656,0.013527852910827975,0.021669725964934147,0.01269724446622967,0.04643788456594831,0.013158250252302267
93,Add this artist to fairy tales playlist,AddToPlaylist,AddToPlaylist,0.929265279626258,0.004649059051466467,0.014428809727429402,0.011040115286681989,0.011061959450839128,0.019927609253773057,0.00962716760355188
94,Add the song to the Mac 'N Cheese playlist.,AddToPlaylist,AddToPlaylist,0.7879415872147972,0.006101316778781694,0.007956158475843793,0.011198037069175522,0.023973316217698354,0.12522786665319383,0.037601717590509724
95,"To the travelling playlist, please add this David Gahan song.",AddToPlaylist,AddToPlaylist,0.8879692329111398,0.004975032990789774,0.01072617620556466,0.00991561379205806,0.015385502633451559,0.05631515656015283,0.014713284906843368
96,Put petar georgiev kalica onto the Old School Hip Hop playlist.,AddToPlaylist,AddToPlaylist,0.6443413697912054,0.016829350514149383,0.038062511253227065,0.05179220495554218,0.05136777252329718,0.12088273221522201,0.07672405874735684
97,Add the album to the hot 50 playlist.,AddToPlaylist,AddToPlaylist,0.6450878983179158,0.013736655376713577,0.01747868847385561,0.019376439253650714,0.10463354420875251,0.1603069370152555,0.03937983735385628
98,Add The Famous Flower of Serving-Men to my evening acoustic playlist.,AddToPlaylist,AddToPlaylist,0.8668657746512887,0.006507764770117388,0.006858699523297816,0.012431786642732591,0.02275579539049387,0.06668540719420239,0.017894771827867334
99,Can you put this song from Yutaka Ozaki onto my this is miles davis playlist?,AddToPlaylist,AddToPlaylist,0.8114008255268702,0.005343713037236875,0.10604434572267288,0.030144006935590485,0.01731809453152672,0.012181005471343896,0.017568008774758948
100,I want to book a joint close by the naomi's hostel for a meal for 8 people.,BookRestaurant,BookRestaurant,0.004956181216284995,0.9528337738507643,0.002885545707190425,0.002381328073326781,0.0072634742827003065,0.024847108582997317,0.004832588286735789
101,I would like to book a restaurant in Tanzania that is within walking distance for my mom and I,BookRestaurant,BookRestaurant,0.012934180416928067,0.9564983242285604,0.008115750264742937,0.0010753435530909048,0.002578298014680755,0.013692139496822254,0.005105964025174512
102,book spot for four at a indoor pub within the same area of Louisiana in one minute,BookRestaurant,BookRestaurant,0.005246048320122635,0.9193280173425019,0.011803471149456147,0.0036355122709107288,0.01584214112860296,0.008707509138758805,0.03543730064964682
103,I want to book a restaurant for five people in Sri Lanka.,BookRestaurant,BookRestaurant,0.014827839017232291,0.9414727139719435,0.009069312485773919,0.0025408191877249334,0.0038325200855454642,0.021829495679551163,0.006427299572228391
104,Book a reservation for nine people at the best pub nearby Tangier in six months,BookRestaurant,BookRestaurant,0.006677166130822046,0.9335116004180701,0.014029804985787316,0.0033691745631554415,0.004170891906097291,0.007679658302759942,0.030561703693308084
105,Book spot for 9 at Thurmont,BookRestaurant,BookRestaurant,0.04057639428648489,0.5306844891727575,0.08791527792452117,0.04653153815630339,0.09704268888701675,0.044095778110084805,0.15315383346283154
106,Book a reservation for my mommy and I at a restaurant in Central African Republic,BookRestaurant,BookRestaurant,0.0009739242218394849,0.9964828412288103,0.0007320602170979553,0.0002213872900554692,0.00032913712279304105,0.0004172140572887699,0.0008434358621149554
107,I would like to book a highly rated restaurant for a party of ten.,BookRestaurant,BookRestaurant,0.0035089952895040557,0.9781367089925088,0.0007057453640905892,0.0015136780240254935,0.0032379848171860716,0.011661635473947598,0.0012352520387372327
108,Book me a reservation for a party of 3 at a pub in Northern Mariana Islands,BookRestaurant,BookRestaurant,0.00011737478094148404,0.9990443517804164,0.0002502976314497133,9.214296348326356e-05,0.00026763227635510196,0.0001068998255245929,0.00012130074182986339
109,I want to book a top-rated brasserie for 7 people.,BookRestaurant,BookRestaurant,0.026336936013020867,0.8356464947198192,0.011335827382169941,0.009559847124892168,0.03454519830542973,0.07340802086421494,0.009167675590453417
110,"Book me and my nieces a reservation for a seafood restaurant in Cle Elum, NE on ascension day",BookRestaurant,BookRestaurant,0.002641340921889503,0.9921739895772237,0.0018669037984336907,0.0009781833858401828,0.00044137566160806904,0.0012685056105304798,0.000629701044474344
111,need a table somewhere in Quarryville 14 hours from now,BookRestaurant,GetWeather,0.04778133726414479,0.37553967414211287,0.4017783600694131,0.08122383283631875,0.049831691175116086,0.023025085699420984,0.02082001881347328
112,Please book me a table at a pizzeria with a parking facility in Ghana.,BookRestaurant,BookRestaurant,0.0010598561222559778,0.995973878889365,0.0008189470736761859,0.0006133206642561779,0.0002899129311846676,0.0006150011160308713,0.0006290832032308386
113,I need a table for 4; please confirm the reservation.,BookRestaurant,BookRestaurant,0.027976767630665145,0.6430935033390104,0.02550307627413816,0.023761196868527484,0.07915513083144014,0.16099001651424652,0.039520308541972096
114,Book me a reservation for the best bistro,BookRestaurant,BookRestaurant,0.03400960142785428,0.7385267855915384,0.016444763982254793,0.023282695590618224,0.028654286652513773,0.10775014861369853,0.051331718141522056
115,Book a reservation for an osteria restaurant for 4 people on november 4,BookRestaurant,BookRestaurant,0.0019547993454519233,0.9669127278157563,0.007816399405389949,0.0038435578956278263,0.012311795457485668,0.0045172891899556466,0.002643430890332647
116,I want to eat a delicatessen in thirteen hours that serves eastern european food,BookRestaurant,BookRestaurant,0.13454428508382987,0.5385530336078338,0.07483757676557677,0.028709927061848536,0.022409234035098084,0.16875453446166422,0.03219140898414872
117,Book seven in neighboring Moorpark,BookRestaurant,BookRestaurant,0.12834250577579298,0.27823856223480664,0.24579920281484238,0.08548626080224912,0.05734449461219319,0.10227177682068099,0.1025171969394347
118,Book a table for 12 am. at our step mother's secondary residence within walking distance for one,BookRestaurant,BookRestaurant,0.0031250542337802347,0.9548733396340232,0.011943889374246548,0.0033557953416081653,0.00871916328391135,0.004000877051457608,0.013981881080972716
119,I want to book a sundanese gastropub nearby in Texas for 3 people on 5/20/2025.,BookRestaurant,BookRestaurant,0.003523680164362322,0.8482794997771967,0.027748989860645598,0.0027486289105281806,0.10926400042760878,0.007655803469768253,0.0007793973898901316
120,book a table near pat's college,BookRestaurant,BookRestaurant,0.08265273185832557,0.5532925737902394,0.07372170121838133,0.0908884015440492,0.06618566920369076,0.09250545036290625,0.040753472022407505
121,book a table in Fiji for zero a.m,BookRestaurant,BookRestaurant,0.00842642736980791,0.9561810477841907,0.014316082554787259,0.00449051878998356,0.00380799090282434,0.006920458342139949,0.005857474256266349
122,"Can you book me a table at Windows on the World in Cokeville , MI?",BookRestaurant,BookRestaurant,0.007725166226111241,0.92169320468301,0.01174254732308954,0.00848367306260608,0.004910435791681786,0.018928825151825153,0.026516147761676427
123,I want to book a restaurant close-by in Inman for five people.,BookRestaurant,BookRestaurant,0.017474608803642214,0.9348533996106885,0.011419741543777224,0.005643554317981757,0.0038969626292082176,0.016994150670339873,0.00971758242436242
124,Book spot for 9,BookRestaurant,BookRestaurant,0.07448852810898594,0.3319674223522929,0.1346395213938143,0.08360179582364062,0.17050301928161818,0.10468924516461697,0.10011046787503115
125,Please book me a restaurant,BookRestaurant,BookRestaurant,0.05224533498432236,0.749510936694677,0.019643959739167056,0.047546527036614064,0.025926894940162263,0.08388434376419528,0.021242002840861873
126,"Book sot for 7 at a restaurant that serves european in Stringtown on Feb. the 28th, 2034",BookRestaurant,BookRestaurant,0.0013278820072060615,0.9690914466850669,0.010559515235076717,0.0017830876252410111,0.010458869488867603,0.0020878726054519383,0.004691326353089841
127,I want to book a bougatsa restaurant in next year nearby Penn for three people.,BookRestaurant,BookRestaurant,0.011997701708755911,0.9517602342964128,0.009071026857079056,0.0020658728180180616,0.0031350780932838055,0.01657951762511499,0.005390568601335487
128,book the best table in Tanzania for 5 people at a diner,BookRestaurant,BookRestaurant,0.00451430579495752,0.9423120042541185,0.016481370560320015,0.0029155616799242633,0.009868938495697976,0.0048492005541505,0.019058618660831243
129,Book a reservation for two at Mickies Dairy Bar in Weedsport,BookRestaurant,BookRestaurant,0.009417689391039498,0.9209199720416078,0.030449902332641676,0.005159244251175311,0.0035628205144529316,0.005215791607871145,0.0252745798612118
130,Book a reservation for ten at a restaurant in Ohio,BookRestaurant,BookRestaurant,0.000956563766961121,0.9941241216091203,0.0017831465999339914,0.0005290294305139014,0.0003573097558072324,0.00049590392516425,0.0017539249124994935
131,I want to book a food truck for seven people in the Republic of the Congo.,BookRestaurant,BookRestaurant,0.017870792737928028,0.6645477725067498,0.007620106693169678,0.002925116403241818,0.022337845851462895,0.2603375858979411,0.024360779909506653
132,I want to book a jewish restaurant in Gambia.,BookRestaurant,BookRestaurant,0.04145908771755809,0.8552210931033963,0.020067289958543996,0.008774243925303245,0.010863621401160178,0.05434529730887929,0.009269366585158647
133,Book a reservation for a bar with a spa nearby ID,BookRestaurant,BookRestaurant,0.003495337514536091,0.9832955755697336,0.0018289579969788519,0.003023737956399821,0.002097348108967743,0.00447402341955935,0.001785019433824055
134,I need a table at Eddie's Attic in Nevada for one,BookRestaurant,BookRestaurant,0.01302764592406388,0.8738513291887811,0.044031993486652814,0.007157732868510837,0.005875142372773028,0.011002729792491877,0.045053426366726206
135,I want to book a brasserie for 3 people in Netherlands Antilles.,BookRestaurant,BookRestaurant,0.018844781133472155,0.9068209040879937,0.020871936515700924,0.004131273779389658,0.013558537447548227,0.028899525021305276,0.006873042014590024
136,"I want to book a top-rated restaurant close by in LA for me, rebecca and loraine on 2/6/2020.",BookRestaurant,BookRestaurant,0.000996353030562442,0.9840692529393344,0.0034189066968607694,0.0009889807899609072,0.008667672217277343,0.001582394753089615,0.00027643957291438554
137,I want to eat by five pm in NE for a six people,BookRestaurant,BookRestaurant,0.08337180193323282,0.6652871394945694,0.08752732872599205,0.026993938772329792,0.011922666450099775,0.08749027395174983,0.03740685067202637
138,book a party at their campus within the same area for churrascaria,BookRestaurant,BookRestaurant,0.020335896489620912,0.7556870883885398,0.01672431931443477,0.01638907811661805,0.022718550030063744,0.04518436620335282,0.1229607014573699
139,I want to book a restaurant in sixteen seconds for 5 people in Gold Point Montana.,BookRestaurant,BookRestaurant,0.00427724381005686,0.9768956301609449,0.011558948340812178,0.0005855808091339509,0.0017670398986617474,0.0032786358135127296,0.0016369211668778624
140,phyllis ward and veronica need a table at a restaurant in 152 days,BookRestaurant,BookRestaurant,0.002733640486519956,0.978620244020676,0.008848109633099071,0.002332224938189971,0.003922324338786301,0.001271589099612374,0.0022718674831160414
141,Please book me a table at a bistro which serves lorna doone.,BookRestaurant,BookRestaurant,0.009986643110656756,0.9526001922519686,0.003741175421554881,0.009332720025837639,0.004952407005130121,0.012126538110025939,0.007260324074826173
142,I want to book a joint in a  spa.,BookRestaurant,BookRestaurant,0.027605336820599857,0.9056528943584046,0.010772539236673371,0.00577532251072108,0.006893224714534861,0.039368580493606115,0.00393210186546009
143,book spot for 7 at an indoor restaurant in MP now,BookRestaurant,BookRestaurant,0.009927467212754464,0.8354023647183074,0.08993851190224467,0.006901153710538947,0.013737793694399097,0.005867528240118181,0.03822518052163698
144,I would like to book a restaurant for souvlaki cuisine in the state of NE,BookRestaurant,BookRestaurant,0.011675694518853696,0.9104930044952552,0.007344957098345527,0.002636189159581853,0.009781758900420311,0.04705982429373031,0.011008571533813061
145,Lets eat near Oakfield 17 seconds from now at Ted Peters Famous Smoked Fish,BookRestaurant,GetWeather,0.06450370167866999,0.1184161016500085,0.3347145074305599,0.18090979183010392,0.12865503156099842,0.04935418442253945,0.1234466814271198
146,Like to book a seat in Monaco for the Yankee Doodle Coffee Shop,BookRestaurant,BookRestaurant,0.05401539456006954,0.7561987212311121,0.038239814357023706,0.009628190134735478,0.01339772598663244,0.08712888515000182,0.0413912685804249
147,Book me a table for 5 this year at Cherwell Boathouse,BookRestaurant,BookRestaurant,0.01257807357073641,0.9003831890736866,0.019863384444371825,0.009402800556624456,0.02890050615575143,0.008903128794010865,0.019968917404818067
148,I want to book a taverna in Archer City for this spring for nine people.,BookRestaurant,BookRestaurant,0.017552999142399724,0.9283597486408335,0.016656802437099154,0.0017673571081248337,0.0034501374636960263,0.021646577112472358,0.010566378095374583
149,Book a reservation for nine people at a bakery in Nunez,BookRestaurant,BookRestaurant,0.00208584198982724,0.9873137137336806,0.0038095969372301535,0.001149873692996124,0.0007420921352949243,0.0011538083146628657,0.003745073196308133
150,table for 5 A.m. at Baker's Keyboard Lounge,BookRestaurant,BookRestaurant,0.02740100933230154,0.7205955560876252,0.07581005343150055,0.03144742807567057,0.04220074229318592,0.03389029653024091,0.06865491424947534
151,I want to book a restaurant in Niger for seven people.,BookRestaurant,BookRestaurant,0.01485470299857424,0.9366441910583128,0.008886330218162064,0.002535158871776268,0.0030270191603652126,0.027712247530340493,0.0063403501624686625
152,Book me a reservation for a pub in Cormorant for a party of nine,BookRestaurant,BookRestaurant,0.000387763145354481,0.9979011809029031,0.00046345254960808045,0.00017805610313455635,0.0001851362482896382,0.0005456088934522587,0.0003388021572581247
153,I want to book a restaurant for my father in law and I in Buckner a year from now.,BookRestaurant,BookRestaurant,0.002243567752690681,0.9927302389812903,0.0030101792144736393,0.0001897800207569975,0.00024792878528872355,0.0012900555571374018,0.0002882496883620822
154,I want a table at James D. Conrey House in Urbank California,BookRestaurant,BookRestaurant,0.042322701332510454,0.7238597723363983,0.0650793802860141,0.02121035900898633,0.015805009721062118,0.060970726668998054,0.07075205064603082
155,Book a reservation for an oyster bar,BookRestaurant,BookRestaurant,0.04142111929782471,0.7579953265307032,0.03294352560415686,0.036308663202584614,0.026143466735010515,0.06489917825445944,0.04028872037526088
156,Book a reservation for 5 people at the top-rated brasserie restaurant,BookRestaurant,BookRestaurant,0.0021152846754796673,0.9723136541723455,0.0027939326499753963,0.002262561755181774,0.008673619874478355,0.0039019241721962167,0.007939022700343077
157,I want to book Tupelo Honey Cafe in New Jersey for five people.,BookRestaurant,BookRestaurant,0.09478909325653882,0.5806673456146546,0.0725442169619579,0.01620867397331827,0.02446176555226792,0.14915712118015145,0.062171783461111
158,book a table at a Fried chicken restaurant,BookRestaurant,BookRestaurant,0.004250439712224267,0.9776251858113373,0.002498635071507647,0.004790274199316588,0.0034371924758473888,0.0034124625046283896,0.003985810225138383
159,book spot for 1 at Town of Ramsgate in Merit,BookRestaurant,BookRestaurant,0.018273824317771175,0.721667825476423,0.09359559006533652,0.015749133674600905,0.055075658582336144,0.01665904471066159,0.07897892317287065
160,Book a reservation for my babies and I,BookRestaurant,BookRestaurant,0.051002060707299825,0.8040992917771126,0.016031103140393597,0.018286358804967522,0.029143112010775633,0.05817358925750189,0.02326448430194872
161,I want to eat in Ramona,BookRestaurant,SearchCreativeWork,0.22217228466554778,0.1611286012011474,0.15737760154027014,0.04723078976024146,0.03757246273864964,0.2922239025116144,0.08229435758252927
162,"Book a reservation for The Dome, Edinburgh close to Brooklawn",BookRestaurant,BookRestaurant,0.05884452038711425,0.6392437508560834,0.020881974387545573,0.020632259005493765,0.031389541914257434,0.16741665145839738,0.06159130199110819
163,I want to book Oregon Electric Station in North City.,BookRestaurant,BookRestaurant,0.15954242261028323,0.3999286030119411,0.09241009692155437,0.03838097087909228,0.04126987925753233,0.2099715493979955,0.058496477921601044
164,I need a table in Sacaton at a gluten free restaurant,BookRestaurant,BookRestaurant,0.004864578934417154,0.9738880532088492,0.006753680397309844,0.0029160231369178254,0.0021913942016363293,0.0035874045807190425,0.005798865540150348
165,I want to book a tea house that serves salade far from here at Midnight in Panama for two people.,BookRestaurant,BookRestaurant,0.00898222273833153,0.9367413441821719,0.02709395699128028,0.003153277967564985,0.0020755966918296394,0.00938060754192346,0.012572993886897966
166,"Book a reservation for 8 people in Wardville, Kansas",BookRestaurant,BookRestaurant,0.012732883486842223,0.9006424599897808,0.0425713296282833,0.008932178270460592,0.0156965078562511,0.008851660442800087,0.010572980325581948
167,Book a reservation for five people for a tatar taverna in Sargents,BookRestaurant,BookRestaurant,0.0025027542144464734,0.9853263325636005,0.005024988961594434,0.0010853203801556774,0.0008571208309279658,0.002030293426310923,0.003173189622964305
168,book spot for my nieces and I at a tea house,BookRestaurant,BookRestaurant,0.028311654884651382,0.8610869967440271,0.01125752391601443,0.010243116960102116,0.017106757250985618,0.025058179907454334,0.04693577033676481
169,Book a reservation for 10 people at an oyster bar with a pool within the same area of Cowansburg for 10 Pm,BookRestaurant,BookRestaurant,0.0002889891982034959,0.9881313619813706,0.0009882140636731616,0.0003814871371406737,0.007066534521838772,0.0011961514143718406,0.001947261683401401
170,"book spot for four at Cliff House, San Francisco in Martinique",BookRestaurant,BookRestaurant,0.030048621336544387,0.6530770612307524,0.1007123716531223,0.016689690601660583,0.02027097736330441,0.015183625941037577,0.16401765187357822
